21 21 24 32 26 19 33 25 19 24
29 24 28 30 28 24 31 23 27 24
26 16 18 22 32 22 18 30 25 24
24 28 21 17 22 25 27 18 26 30
24 21 26 24 19 26 35 33 20 22
27 23 30 27 32 20 24 31 13 22
16 30 23 23 23 22 23 25 29 32
30 24 25 23 24 29 19 22 15 18
24 21 14 25 24 29 24 34 26 20
21 28 22 43 29 19 22 21 25 22
26 24 30 22 40 22 28 25 20 28
22 22 28 27 22 27 35 20 24 22
23 22 29 30 32 39 27 20 21 36
16 27 30 22 25 22 27 20 29 15
25 20 35 20 28 34 23 22 22 22
28 17 26 27 19 19 26 24 23 24
14 26 18 28 32 26 19 32 27 18
28 19 22 21 17 22 24 26 25 25
32 25 20 23 26 31 28 31 24 32
28 29 20 15 27 20 19 24 23 28
