0 0 0
1 0 0
2 0 0
3 0 0
4 0 0
5 0 0
6 0 0
7 0 0
8 0 0
9 0 0
10 0 0
11 0 0
12 0 0
13 0 0
14 0 0
15 0 0
16 0 0
17 0 0
18 0 0
19 0 0
20 0 0
21 0 0
22 0 0
23 0 0
24 0 0
25 0 0
26 0 0
27 0 0
28 0 0
29 0 0
30 0 0
31 0 0
32 0 0
33 1 0.005
34 0 0
35 2 0.01
36 0 0
37 0 0
38 2 0.01
39 2 0.01
40 2 0.01
41 1 0.005
42 3 0.015
43 6 0.03
44 3 0.015
45 11 0.055
46 5 0.025
47 8 0.04
48 5 0.025
49 3 0.015
50 6 0.03
51 3 0.015
52 5 0.025
53 5 0.025
54 3 0.015
55 4 0.02
56 3 0.015
57 5 0.025
58 4 0.02
59 2 0.01
60 0 0
61 1 0.005
62 2 0.01
63 0 0
64 0 0
65 1 0.005
66 0 0
67 0 0
68 1 0.005
69 0 0
70 0 0
71 1 0.005
72 0 0
73 0 0
74 0 0
75 0 0
76 0 0
77 0 0
78 0 0
79 0 0
